
1
1000
10000
10005
10006
10009
1001
10010
10013
10014
10015
10016
10018
10019
10020
10021
10024
10025
10026
1003
10036
10038
10039
1004
10040
10042
10043
10044
10046
10048
10049
10051
10052
10054
10055
10056
10057
10059
1006
10060
10061
10066
10067
10069
1007
10072
10073
10076
10078
10079
1008
10081
10083
10084
10085
10087
1009
10092
10093
10094
10095
10096
10097
10099
101
10109
10111
10112
10113
10114
10116
1012
10121
10123
10124
10127
10128
10129
1013
10130
10131
10133
10134
10135
10136
10137
10138
10139
1014
10140
10142
10144
10146
10147
10148
1015
10150
10152
10153
10154
10155
10156
10157
10159
1016
10160
10161
10162
10163
10168
10169
1017
10171
10172
10174
10175
10178
10179
10180
10181
10186
10188
10189
10190
10193
10194
10195
10196
10197
10198
10199
102
1020
10201
10205
10206
10207
10208
10209
10210
10211
10212
10213
10215
10216
1022
10224
10225
10226
10227
10229
10231
10233
10234
10235
10236
10238
1024
10240
10241
10243
10245
10248
10249
1025
10250
10252
10253
10254
10256
10257
1026
10260
10262
10263
10265
10269
1027
10270
10273
10274
10276
10277
10278
10282
10283
10284
10285
10286
10288
10289
10291
10293
10294
10295
10296
10297
10298
10299
103
10300
10302
10307
10308
10311
10312
10313
10314
10318
10319
10327
1033
10330
10335
10336
10342
10345
10346
10347
10350
10351
1036
10360
10361
10362
10363
10365
10367
10368
10369
10370
10376
10379
1038
10380
10381
10382
10383
10384
10388
10389
1039
10390
103910
10395
10396
10397
10398
10399
104
10400
10401
10403
10404
10409
10410
10411
10412
10413
10418
10419
10421
10422
10423
10424
10425
10426
10427
10428
10431
10432
10434
10435
10436
10438
10439
1044
10440
10443
10444
10445
10446
10447
10449
1045
10450
10451
10452
10454
10455
10456
10457
10458
10459
10460
10461
10463
10464
10465
10466
10467
10469
1047
10471
10472
10474
10476
10478
1048
10480
10482
10483
10484
10486
10487
10488
10489
10490
10491
10492
10493
10494
10497
10499
10500
10501
10507
10509
1051
10512
10513
10514
10516
10519
1052
10520
10521
10522
10523
10524
10525
10526
10527
10528
10529
10531
10533
10536
10537
10539
10540
10541
10542
10548
10549
10550
10551
10552
10554
10555
10558
10559
1056
10560
10561
10562
10563
10564
10565
10566
10567
10568
10569
10570
10573
10574
10575
10576
10579
10580
10581
10589
1059
10591
10592
10594
10598
1060
10600
10602
10603
10605
10607
10608
10611
10612
10613
10614
10615
10616
10617
10618
1062
10623
10625
10626
10627
10628
10629
1063
10631
10632
10634
10636
10640
10642
10644
10645
10646
10651
10652
10653
10654
10656
10657
10659
1066
10664
10665
10666
10667
10668
10669
10670
10671
10672
10675
10677
10678
1068
10681
10682
10687
1069
10691
10694
10695
107
1070
10713
10716
10717
10718
1072
10723
10724
10725
10726
10728
1073
10730
10732
10734
10735
10742
10743
10746
10749
1075
10752
10755
10758
10762
10763
10765
10766
10768
10769
10771
10772
10776
10777
10778
10780
10781
10782
10783
10785
10787
10788
10793
10794
10795
108
1080
10801
10802
10806
10807
10808
10809
1081
10810
10811
10813
10814
10815
10817
10826
10827
10838
10840
10841
10844
10845
10846
10847
10848
10849
10856
10857
10858
10863
10865
10867
10868
1087
10870
10875
1088
10880
10881
10882
10885
10888
10890
10892
10893
10897
10898
10899
109
10900
10902
10903
10904
10905
10906
10908
10910
10914
10915
10916
10919
10920
10921
10923
10924
10926
10928
10929
10933
10934
10935
10938
10939
10940
10943
10944
10945
10946
10947
10949
10950
10951
10952
10953
10954
10955
10956
10957
10959
10960
10961
10962
10963
10965
10966
10969
10970
10971
10972
10973
10975
10979
10980
10982
10983
10985
10987
10988
10989
10992
10994
10998
10999
11001
11004
11005
11007
1101
11010
11011
11014
11016
11017
11019
11020
11021
11022
11025
11026
11030
11033
11035
11036
11037
11039
11040
11041
11043
11044
11047
1105
11051
11052
11054
11056
11059
1106
11060
11063
11064
11065
11066
11067
11069
11070
11073
11074
11075
11076
11077
11078
11079
1108
11080
11083
11085
11093
11095
11097
11099
111
11100
11101
11103
11104
11108
1111
11112
11113
11116
11117
11118
11119
1112
11120
11122
11124
11127
11128
11129
1113
11130
11132
11135
11137
11138
11139
1114
11140
11142
11143
11144
11146
11148
11151
11152
11153
11155
11156
11158
11160
11161
11163
11165
11167
11168
11169
11170
11171
11176
11177
11179
11180
11183
11186
11187
11188
11189
11190
11193
11196
11197
11198
112
1120
11200
11201
1121
11212
11213
11214
11215
11216
11217
11218
11221
11224
11227
11228
1123
11230
11231
11235
11236
112398
1124
11240
11243
11244
112464
11247
112476
11248
112483
112487
112495
11252
11253
11255
112574
11258
11259
11260
11261
112611
11262
11266
11267
11269
11272
11273
11274
11275
112752
112755
11276
11277
112770
11278
1128
112812
11282
11284
112840
112869
112885
112936
112939
112942
112950
113
1130
113026
11309
11313
11314
113146
11315
11316
11317
113174
113177
113178
11319
1132
11320
113201
11321
11322
113230
11325
113251
113263
11328
11331
11332
11333
11335
11336
11337
11338
113386
11340
113402
113419
11342
11343
11344
11345
113452
113457
11346
113510
1136
113655
113675
1137
113791
113829
113878
1139
114
1140
114038
114041
114049
114088
114294
114299
114327
114336
114569
114609
114659
1147
114757
114769
114780
114781
114782
114783
114784
114785
114788
114789
114790
114791
114792
114793
114794
114795
114798
114799
114800
114803
114804
114805
114819
114821
114822
114823
114824
114825
114826
114827
114876
114879
114880
114881
114882
114883
114884
114885
114897
114907
114908
114915
114926
114928
114932
114971
114987
114990
115
115004
115024
115098
115106
115196
1152
115201
115207
115209
115290
115294
1153
115361
115362
115416
115426
1155
115509
115548
115557
115650
115677
115701
115703
115704
115727
1158
115811
115817
115825
1159
115939
115950
116
1160
116039
116064
116068
116085
116092
1161
116113
116115
116138
116154
116228
116236
116254
116328
116362
116369
116412
116447
116448
116496
116519
116540
116835
116840
116931
116966
116983
116984
116985
116986
116987
116988
117
117143
117144
117177
117178
117246
117248
117289
1173
117583
117584
1176
117608
1179
118
1181
1182
1183
118424
118426
118427
118429
118460
118471
118472
1185
1186
118611
1187
118704
118738
118788
1188
118812
118813
118881
118924
118987
119
119016
119032
1191
1192
1193
119392
1195
119559
119587
1196
1198
12
120
1200
1201
120114
1203
120376
120425
120534
1207
1208
120863
120892
1209
121006
121053
1211
1212
121227
1213
121355
121391
121441
121457
121512
121536
121599
121665
121951
122046
122060
122481
122651
122664
122773
122809
122830
122953
122961
123
1230
123016
123036
123096
123169
123207
123263
123283
1235
123720
123803
123811
123855
123872
123876
123879
123887
123920
124
124093
1241
124149
124152
124245
1244
124401
124402
124540
124565
124583
124602
124641
124751
124773
124783
124790
124801
124808
124872
124925
124930
124935
124944
124961
124975
124976
124997
125
125113
125144
125170
125336
125476
125893
1259
125919
125950
125965
126
126003
126014
126017
126069
126070
1261
126119
126129
126133
126147
126208
126272
126282
126295
126299
1263
126306
126308
126321
126328
126353
126374
126375
126393
1264
126402
126432
126433
1265
126502
126520
126526
126598
1266
126626
126638
126661
126669
1267
126792
126859
126868
126917
126969
127
127002
1271
1272
127253
127254
127262
127281
127294
127391
127396
127428
127540
127544
127557
127602
127687
1277
127700
127703
1278
127829
127833
127933
128
128061
1281
128153
128178
1282
128239
128240
128344
1284
128434
128486
1285
128553
1286
128602
128637
128646
1287
128866
128869
1289
128977
128989
1290
129049
1291
1292
129285
1293
129303
1294
129401
129531
129642
129685
1297
129787
1298
129831
129880
129881
1299
1300
130026
130029
1301
130132
130162
1302
130271
1303
130497
1305
130507
130535
130540
130557
130560
1306
130612
130617
1307
1308
130813
130916
130940
131076
131096
1311
131118
1312
131377
1314
131408
131474
1315
131544
131583
1316
131601
131669
1317
131870
131873
131909
132
132014
132141
132158
132241
132299
132320
132612
132625
132660
132671
1327
132720
132851
132864
132884
1329
132954
132969
133
133121
133185
133308
133383
133418
133522
133558
133584
133619
1337
133746
133957
134
1340
134111
134147
134218
134359
134429
134430
134510
134549
134728
134829
134957
135
135112
135154
1352
135293
1356
135644
1357
1358
135892
1360
136051
1361
1362
136227
136263
1363
136319
1364
1365
1366
136647
1368
136895
1371
1373
137392
1374
137492
1375
1376
137682
1378
137886
137964
1380
138009
138199
1382
138241
1384
1385
1386
138649
1387
1388
1389
1390
139065
139212
139231
139285
139341
139420
139422
139562
1397
139716
1398
139818
1399
14
1400
140290
140432
140458
140460
140465
140467
140597
140606
140612
140679
140680
140688
140689
140691
1407
140700
140706
140707
140732
140733
140735
140739
140767
140775
1408
140803
140807
140862
140876
140883
140885
140890
1410
142
142678
142680
142689
1428
142891
1429
142913
143
143098
1431
143162
143187
1432
143241
143243
143279
143384
1434
143458
1435
1436
143630
143684
143686
1438
143872
143884
143888
1439
143903
144097
1441
144100
144108
144165
1442
1443
144348
144402
144404
144501
1446
144608
1447
144717
1448
144811
144983
145173
1452
145258
145270
1453
1454
145482
145483
1455
145581
1456
1457
145757
145773
145781
145790
145815
145853
1459
145942
145988
1460
146057
146059
146071
146174
146198
1462
146206
146225
146268
146279
1463
146325
146330
1464
146434
146439
146443
146489
1465
146540
1466
146664
146691
146705
146713
146760
1468
146849
146880
146923
147
1470
147011
1471
147111
147138
147166
147172
147179
147339
147372
147495
1475
1476
147650
147657
147660
147686
147687
147694
1477
147700
147798
1478
147807
147808
147872
1479
147906
147912
147947
147948
147965
148014
148022
148156
148198
148213
148231
148252
148266
148268
148327
148362
148398
148423
148523
148534
1486
148697
1487
148741
1488
148808
148867
1489
1490
149013
149041
149076
149095
149134
149233
149345
149371
149420
149465
149469
149473
149499
1495
1496
149647
149836
1499
149951
149986
1500
150082
150094
1501
150159
150209
1503
150356
150371
1504
150465
150572
150726
150759
1508
1509
150928
150946
150962
151011
151050
151121
151126
151188
1512
151230
151246
151295
151300
151306
151354
151393
1514
151507
151516
151525
151556
151579
151613
151636
151648
151651
151742
151827
151887
1519
151903
151987
152
1520
152006
152007
152015
152100
152110
152137
152185
152189
1522
152273
1523
152330
1524
152404
152405
1525
152503
152518
152687
1527
152789
1528
152926
152992
153020
153090
153129
153201
153222
153241
153441
153443
1535
153527
153561
153562
1536
153642
153643
153657
1537
153733
153769
1538
153830
1540
154007
154043
154141
154150
154313
154467
1545
154791
154796
1548
154810
154881
155038
155061
155066
155435
1558
1559
156
157285
1573
157310
157313
157506
157530
157574
157638
157680
157697
157813
1579
157922
157983
158
158046
158135
158219
158228
158293
158358
158399
158405
158427
158431
158435
158471
1586
158724
158747
158787
1588
158801
158813
158852
158947
159
159013
159195
1593
1595
159686
159963
159989
16
160
1601
160140
1602
1603
160335
1604
160418
160419
160428
1605
160518
1606
160622
160760
160777
160851
160857
1609
161
1611
161176
161198
1612
161253
161291
1613
1615
161582
1616
161725
161742
161779
1618
161835
161882
162
1620
1622
162282
162333
162394
162427
162466
162540
162681
162699
1627
1628
1629
162962
162963
162966
162967
162979
162989
162993
162998
163
1630
163049
163050
163051
163081
163087
163126
163131
163154
163175
163183
1632
163227
163233
163255
1633
163301
1634
1635
163589
1636
163702
163782
163786
1638
163859
163882
1639
164
1641
164127
1642
1644
1645
164592
1646
1647
1649
165
1650
165055
165057
165140
1652
165215
1653
165324
1654
1655
165545
1656
1657
165721
1659
165904
165918
166
1660
1662
1663
166336
166348
166378
1665
1666
166614
166647
166752
166785
166815
1670
167153
167227
1674
167410
1675
1676
167691
1677
167838
168374
168433
168451
168537
168544
168667
168850
169044
169611
170261
170302
170371
170384
170463
170506
170575
170622
170690
170692
170951
170954
170958
170959
170961
171017
171023
171024
171392
171484
171546
1716
1718
1719
172
1723
1727
1728
1729
173
1730
1736
1737
1738
1739
174
1740
1741
1742
1743
1745
175
1750
1755
1756
1759
1760
1767
1769
177
1776
1778
178
1780
1781
1783
1785
1786
1787
1788
1793
1794
1795
1796
1797
1798
18
1800
1802
1803
1804
1805
1806
1807
1808
1809
1810
1811
182
1820
1821
1822
1824
1826
1829
183
1831
1832
1834
1836
1837
1838
1842
1843
1847
1848
1849
1850
1854
1855
1856
1857
1859
187
1871
1874
1877
1879
1889
189
1890
1891
1892
1893
1894
19
1901
1902
191
1910
1911
1912
1915
1917
192111
192286
192666
192669
192683
1933
1936
1937
1938
1939
1942
1946
1947
1948
1950
1951
1952
1953
1954
1955
1956
1958
196
1960
196074
1961
1962
196383
196394
1964
196415
196441
196463
196483
1965
196500
196513
196527
196528
1967
196752
1968
196883
1969
196968
197
197131
197187
197257
197259
1973
197320
197322
197335
197370
1974
197407
1975
1977
1978
1979
1981
1982
1983
1984
199
1992
199221
1994
1995
199675
199692
1997
199714
199720
199731
1998
1999
2
20
2000
200014
200030
200081
200095
2001
200162
200185
200186
2002
200226
200232
200315
200373
2004
200403
200420
200424
2005
200539
200576
200734
200765
200845
200894
2009
200916
200958
2011
201134
201163
201176
2012
201232
201252
201255
201292
2013
2014
201475
201501
201514
201562
201595
2016
201625
2017
201895
201931
201965
201973
202
2020
202018
202051
202052
202151
2022
202243
2023
202309
202333
202559
2026
2028
202802
2029
202915
203
2030
203068
203069
203111
203190
203228
203238
203259
203260
203286
2033
2034
203429
203447
2035
203522
203523
203547
2036
2037
203859
2039
204
2040
2041
2042
2043
2044
204474
2047
2048
204851
2049
2050
2051
2052
205251
2053
2054
205564
2057
205717
2058
2059
2060
2063
206358
2064
2065
2066
2067
2068
207
2072
2073
2074
2077
2078
2079
208
2091
2098
21
210
2101
2103
2107
2108
2109
211
2113
2114
2117
2119
212
2120
2121
2122
2123
2124
2125
213
2130
2132
2137
214
2145
2146
2149
215
2152
2153
2157
2159
216
2162
2167
2168
217
2170
2171
2172
2175
2177
2178
2180
2181
2182
2185
2186
2188
219
2192
219285
219287
219293
2193
219333
2194
219402
219404
2195
219539
219541
2196
219612
219621
219654
219681
219699
2197
219736
219749
219790
219793
219855
219899
2199
219988
219995
22
220
2200
220001
220002
220004
220047
220074
220082
2201
220136
220164
2202
220213
220296
220323
220382
220388
220416
220594
220729
220766
220869
2209
220906
220929
220965
220972
220988
221016
221037
221061
221154
221178
221184
2212
221223
221262
221294
2213
221302
221336
221395
221400
221409
221443
221468
221476
221477
221481
221496
221545
221656
221662
221687
221692
2217
221710
221749
221785
221786
2218
221823
221833
221895
2219
221927
221935
221955
221960
222008
222068
222166
222183
222194
2222
222223
222229
222236
222389
2224
222484
222537
222584
222658
222662
222663
222865
222950
223
2230
2235
2239
224
2241
2242
2243
2244
2245
2254
2258
2259
226
2260
2261
2262
2263
2266
2267
2268
2271
2273
2274
2275
22794
22795
22796
22797
22798
2280
22801
22802
22803
22806
22809
2281
22818
22820
22821
22822
22823
22824
22826
22827
22828
22830
22832
22834
22836
22837
22838
22839
22843
22844
22845
22847
22848
22849
22850
22852
22853
22854
22856
22858
22859
2286
22861
22862
22863
22864
22866
22868
22869
2287
22870
22871
22872
22873
22874
22875
22876
22877
22878
22879
2288
22881
22882
22883
22885
22887
22888
22889
2289
22890
22891
22893
22894
22895
22897
22898
22899
229
2290
22900
22902
22903
22904
22905
22906
22907
22908
22909
22911
22913
22915
22916
22918
22919
22920
22921
22924
22926
22927
22929
22931
22933
22934
22936
22937
22938
22941
22944
22948
22949
22950
22955
2296
22974
22976
22977
22978
22979
2298
22980
22981
22982
22983
22984
22985
22986
22989
22990
22992
22993
22994
22995
22997
22998
22999
23
230
23001
23002
23005
23007
23008
23012
23013
23014
23015
23016
23017
23019
2302
23020
23022
23023
23024
23025
23026
23027
23028
23029
23031
23032
23033
23034
23036
23037
23038
23039
23040
23041
23042
23043
23045
23046
23047
23048
23049
2305
23051
23052
23053
23054
23057
23059
23060
23061
23062
23063
23064
23067
23070
23071
23072
23074
23075
23076
23077
23078
23080
23081
23082
23085
23086
23087
2309
23090
23091
23093
23094
23095
23096
23097
23098
23099
231
23101
23102
23107
23108
23109
23111
23112
23113
23114
23116
23117
23118
23119
23122
23125
23126
23127
23129
2313
23131
23132
23133
23135
23136
23137
23139
2314
23140
23142
23143
23144
23145
23148
23149
2315
23150
23151
23152
23154
23155
23157
23158
2316
23160
23161
23162
23163
23164
23165
23166
23167
23168
2317
23170
23171
23172
23173
23174
23175
23176
23177
23179
2318
23180
23181
23184
23185
23186
23187
23189
2319
23190
23191
23192
23193
23194
23195
23196
23197
23198
23199
23200
23201
23203
23204
23207
23208
23209
2321
23210
23211
23212
23213
23214
23215
23216
23217
23218
23219
23220
23221
23223
23224
23225
23227
23228
23229
2323
23230
23231
23232
23233
23234
23235
23236
23237
23239
2324
23240
23241
23242
23243
23244
23245
23246
23247
23248
23249
23250
23252
23253
23254
23255
23256
23258
23259
2326
23261
23262
23263
23264
23265
23266
23268
23269
23270
23271
23272
23273
23274
23275
23277
23279
23280
23281
23283
23284
23285
23286
23287
23288
23289
2329
23291
23293
23294
23295
23299
2330
23300
23301
23303
23304
23305
23307
23309
2331
23310
23312
23313
23314
23316
23317
23318
2332
23321
23322
23324
23325
23326
23327
23328
23329
23331
23332
23334
23335
23336
23338
23339
2334
23345
23348
23349
2335
23350
23351
23352
23353
23354
23355
23358
23360
23361
23362
23363
23365
23367
23368
23369
23370
23371
23373
23376
23378
23379
23380
23381
23382
23384
23385
23386
23387
23389
2339
23390
23392
23394
23396
23397
23398
23399
23400
23401
23403
23405
23406
23408
23410
23411
23412
23413
23414
23415
23416
23418
2342
23420
23421
23424
23426
23428
23429
23431
23432
23433
23435
23438
23439
23443
23446
23450
23451
23452
23456
23457
2346
23461
23463
23464
23466
23467
23468
23469
23471
23473
23474
23476
23478
23479
2348
23481
23492
23493
23498
23499
23500
23504
23505
23506
23507
23512
23513
23514
23515
23516
23517
23518
23521
23522
23523
23524
23526
23527
23528
2353
23530
23532
23533
23534
23536
2354
23542
23543
23544
23545
23548
23549
2355
23552
23555
23557
23558
23559
2356
23560
23567
23568
23576
23578
23580
23582
23584
23585
23587
23588
23589
23592
23593
23594
23595
23597
23598
23600
23603
23604
23607
23608
23609
23612
23613
23616
23619
23620
23621
23625
23627
23633
23635
23636
23637
23639
23640
23641
23644
23645
23646
23647
23648
23650
23654
23660
23670
23671
23673
23677
23678
23705
23708
23710
23731
23741
23742
23743
23746
23759
23760
23761
23762
23764
23765
23767
23768
23769
23770
23774
23779
23780
23786
23788
24137
24138
24139
24142
24144
24146
24148
24149
24150
245972
245973
246126
246175
246269
246329
246330
246721
246777
247
2475
2483
2487
249
2491
2494
2495
25
250
2512
2517
2519
2521
2528
252839
252884
2530
2531
253143
2532
253260
2533
2534
253461
2535
253559
253635
253639
253650
2537
253725
253738
253782
2539
253943
253959
253980
253982
254048
254065
254102
254122
254187
2542
254251
254295
254359
254428
254531
2547
254750
254778
2548
254827
254897
2549
254956
2550
255027
255057
2551
255119
255252
2553
255313
255394
2554
255488
2555
255631
255743
255758
2558
255877
255928
255967
256006
256158
2562
2563
256309
256329
256364
256471
256472
256536
256586
2566
256643
256691
256714
256764
256815
256979
256987
257000
257019
2571
257101
257106
257160
257169
257177
257194
2572
257218
257236
257358
257364
257397
257415
25758
257629
25764
25766
25769
25771
25776
25777
25778
25780
25781
25789
25790
25791
25792
25793
25798
25799
2580
25800
25802
25803
25804
2581
25812
25813
25814
25816
25817
2582
25820
25821
25822
25824
25825
25827
25829
2583
25830
25831
25832
25834
25836
25839
25840
25841
25842
25843
25844
25845
25849
25851
25852
25855
25861
25862
25864
25865
25873
25875
25878
25879
2588
25884
25885
25888
25890
25893
25894
25895
25896
25897
25898
259
2590
25900
25902
25903
25904
25907
25909
2591
25912
25913
25914
25917
2592
25920
25921
259217
259230
259232
25924
25925
25926
25927
259282
25929
259295
25930
25932
25934
25936
25937
25938
25939
25940
25941
25942
25943
25945
25946
25947
25948
25949
25953
25956
25957
25959
2596
25960
25962
25966
2597
25970
25974
25975
25977
25978
25983
25984
25988
25989
25992
25994
25996
25998
25999
26
26000
26001
26003
26005
26007
26009
26010
26011
26012
26015
26017
26018
26019
26020
26022
26025
26027
260293
26030
26031
26032
26033
26034
26035
26036
26037
26038
26039
26040
260425
260429
26043
260436
26046
26047
26048
26049
26050
26051
26052
26053
26054
26056
26057
26058
26059
26060
26061
26064
26065
26073
26082
26084
26086
26088
26090
26091
26092
26093
26094
26097
26098
26100
26108
26112
26115
26117
26118
26119
26121
26122
26127
26128
26130
26133
26135
26136
26140
26145
26146
26148
26149
2615
26150
26151
26152
26153
26155
26156
26160
26164
26165
26166
26168
2617
26172
261726
261729
26173
2618
26190
262
26207
2621
2622
26224
26227
26228
26229
26232
26234
2624
26249
2625
26256
26258
26260
26262
26263
26268
26270
26271
26273
26275
26277
26278
2628
26284
26286
26289
2629
26292
26297
26298
2631
2632
2633
26330
2634
2635
26353
26354
26355
2638
2639
2641
26468
26469
2647
26470
26472
2648
265
2650
26502
26503
26504
26505
26507
26508
26509
2651
26511
26512
26517
26519
26524
26528
2653
26548
2657
26574
26577
26578
26580
26585
26586
26608
26609
26610
2664
2665
266727
266747
266812
2669
267
2670
2671
2673
26747
2675
26750
26751
2677
2678
2683
2686
26873
2690
26953
26958
26959
26960
2697
26973
26974
26985
26986
26993
26994
26996
26999
27
27000
27005
27013
27018
27020
27030
27031
27032
27034
27035
27037
27042
27043
27044
27063
27065
27067
27068
27069
27071
27072
27074
27075
27076
27077
27085
27086
27087
27089
27095
27097
27098
271
2710
27101
27102
27106
27107
27111
27113
27122
27125
27127
27128
27129
27130
27131
27132
27133
27134
27141
27143
27145
27146
27147
27151
27152
27153
27154
27158
27160
27163
27164
27166
27173
27175
27183
27185
2719
27198
2720
27201
27229
27232
27236
27237
27238
27239
27241
27242
27243
27244
27245
27246
27247
27248
27249
27250
27252
27253
27257
27283
27285
27289
2729
27291
27292
27295
27299
273
2730
27300
27301
27303
27304
27306
27309
2731
27316
27319
27324
27327
27328
27329
2733
27332
27333
27335
27336
27338
27339
2734
27340
27341
27342
27343
27344
27347
27349
27350
27351
27352
2736
2737
2738
2739
274
2742
27429
2743
27430
27434
27436
2744
27443
2746
275
2752
2760
2762
2767
2768
2770
2771
2773
2774
2775
2776
2778
2781
2782
2783
2785
2786
279
2790
2794
2799
280
2800
2801
2802
2803
2804
2805
2806
280636
2810
2812
2813
2814
2817
2819
2820
2821
28227
2823
28231
28232
2824
282809
282890
282973
282974
282991
283
283008
283031
283114
283135
283143
283149
283152
283208
283209
283212
283229
283234
283237
283248
283298
283316
283331
283358
283368
283373
283383
283417
283431
283450
283455
283470
283489
2835
283514
283518
283523
283537
283578
283579
283635
283638
283643
283651
283659
283685
283698
283717
283742
283748
283767
283796
283820
283848
283849
283871
283890
283899
283922
283933
283970
283985
283987
283989
283994
284
2840
284001
284004
284021
284034
284047
284058
284067
284071
284085
284086
284110
284119
284158
284214
284217
284221
284230
284232
284252
284254
284306
284309
284323
284339
284345
284346
284348
284352
284361
284371
284387
284390
284391
284403
284406
284422
284434
284439
284443
284459
284525
284546
284565
284618
284656
284661
284695
284697
284701
284801
284802
284805
284861
2849
284988
284996
285016
285025
285033
285051
285101
28511
28513
285135
28514
285141
285148
285175
285180
285188
285190
285195
285203
285205
285237
285268
285280
285282
285321
285331
285343
285349
285367
285368
285429
285440
285464
285513
285521
285533
285540
285550
285598
285600
285613
285636
285638
285643
285647
285671
285679
285696
285704
285754
285761
285777
285782
285800
285872
285888
2859
285905
285989
286
286009
286053
286077
286088
286097
2861
286101
286148
286157
286204
286205
286207
286235
286262
286301
286333
286343
286410
286495
286499
2868
286826
286827
286828
2869
287
2870
2872
2873
2874
2875
2876
2878
2879
288
2885
2886
2887
2889
2890
2891
2892
2894
28951
28952
28955
28956
28959
2896
28960
28964
28965
28968
28969
2897
28970
28972
28973
28976
28978
28981
28982
28986
28987
28988
28992
28996
28999
29
290
2901
2902
29028
2903
29035
2904
29057
29058
29062
29063
29066
29068
2907
29070
29072
29074
29078
29079
2908
29080
29082
29085
29087
29088
29089
2909
29091
29093
29094
29098
29101
29102
29103
29104
29106
29107
29109
2911
29110
29114
29115
29116
29117
29118
29119
29123
29127
29128
2913
2914
2915
2916
292
2920
2921
2923
2926
293
2931
2932
2934
2935
2936
2937
2938
2941
2947
2948
2950
2956
2957
2958
2959
2960
2961
2962
2963
2965
2966
2969
2971
2972
2975
2976
29760
29761
29763
29766
29767
29774
29775
29777
29780
29781
29785
29789
2980
29801
29803
2982
2983
29842
29843
29844
29855
2987
29883
29886
29887
29888
29889
29890
29893
29894
29896
29899
2990
29902
29903
29904
29911
29914
29915
29919
2992
29920
29922
29924
29927
29937
29941
29942
29944
29945
29946
29947
29950
29951
29952
29953
29954
29956
29957
29959
29964
29965
29966
29967
29968
29969
2997
29970
29974
29978
29979
29980
29982
29985
2999
29990
29992
29993
29994
29995
29997
29998
30
30000
30001
30008
30009
3001
30011
3005
30061
301
3015
3017
302
3020
3021
3026
3029
3030
3032
3033
3035
3040
3043
3048
3049
3052
3054
3055
3059
306
3064
3065
3066
3068
3069
307
3070
3073
3074
3075
3078
308
3080
3081
30811
30812
30815
30816
30817
30818
30819
3082
30827
3083
30832
30833
30835
30836
3084
30844
30845
30846
30849
30850
309
3090
3091
3092
3093
3094
3096
30968
3097
3098
3099
31
310
3104
3105
3106
3107
3108
3109
311
3111
3113
3117
3122
3123
3125
3126
3127
313
3131
3133
3134
3135
3141
3142
3146
3148
3149
3150
3151
3155
3156
3157
3158
3159
316
3161
3162
3163
3164
3169
317
3172
3174
3176
3177
317762
317781
3178
3181
3182
3183
3184
3185
3187
3188
3189
3190
3191
3192
3195
3198
32
320
3202
3203
3205
3208
3209
321
3212
3215
3216
3217
322
3223
3224
323
3231
3232
3235
3236
324
3240
3241
3242
3251
3257
3265
326625
3267
3268
327
3270
3273
3275
3276
3280
3283
329
3292
3295
3297
3298
330
3300
3301
3303
3304
3306
3308
3309
331
3310
3312
3313
3315
3316
3320
3321
3324
3326
3329
333
3336
3337
3338
3339
333929
334
3340
3344
335
3350
3356
337
3371
3373
3375
3376
337876
338
3382
3383
338328
3384
3385
338645
338657
338692
338699
338707
338734
338758
338773
338799
338811
338851
338862
338951
338999
339010
339047
339077
339088
339122
339123
339162
339226
339263
339290
339318
339324
339344
339416
339448
339453
339457
339476
339487
339488
339500
3396
339665
339669
339692
3397
339768
3398
339803
339804
339809
339829
339834
3399
339942
339965
339976
339983
34
340017
340026
340061
340069
340089
340192
340211
340252
340267
340277
340307
340311
340346
340371
340481
340526
340542
340543
340554
340561
340581
340591
340602
340765
341
341116
341415
341461
341567
3416
3417
3418
3419
3420
342096
3421
342156
342167
342184
3422
3423
342346
342357
342371
342538
3426
342667
3428
342850
342865
342892
3429
342908
342926
342945
342969
342979
342991
343099
3431
3433
3434
343450
343521
3437
343990
344065
344148
344227
344525
344558
344620
344978
345
345275
3454
345462
345499
3455
345757
3458
3459
3460
346653
347
347344
347404
347475
3475
347549
3476
347733
347735
3479
348
3480
348093
348094
3481
348110
348158
348162
3482
348235
3484
348477
3485
3486
348654
3487
348793
3488
348840
3489
348938
348980
348995
3490
349075
3491
349114
349152
349236
349338
350
3508
351
3512
3516
353
353116
353189
353274
353299
353322
353355
354
3543
3547
355
3550
3551
3553
3554
3563
3566
3569
357
3572
3575
358
3586
3587
3588
3590
3594
3597
359948
36
360
360023
3603
3607
3608
3609
361
3611
3612
3614
3615
3619
362
3620
3621
3622
3624
3628
363
3630
3631
3632
3633
3635
3636
3641
3643
3645
3646
3651
3652
3654
3655
3656
3658
3659
3660
3661
3662
3665
3667
367
3670
3671
3672
3673
3675
3678
3679
3682
3683
3685
3688
3689
369
3690
3691
3692
3693
3694
3695
3696
3697
3698
3699
37
3700
3703
3705
3706
3707
3708
3709
3710
3712
3714
3716
3717
372
3720
3725
3726
3727
3728
373
3730
373156
3732
3735
3736
3737
3738
3739
374
374378
374393
374403
374408
374462
374470
3745
374618
374649
374650
374654
374655
374659
374666
374676
3747
374786
3748
374819
374864
374868
374872
374877
374879
374887
374899
374900
374920
374946
374973
374977
374986
374987
375
375033
375056
375096
3752
375248
375260
375323
375341
375346
375386
3754
375484
3755
375513
375567
3756
375616
375690
3757
375704
375743
375748
375757
375775
375790
375791
3759
375940
3760
3761
376267
3765
3766
3767
376940
377
3772
3773
3775
3776
3777
377711
3778
377841
3779
378
3780
3781
3782
3784
378464
3785
3786
3788
3790
3791
3795
3796
3797
3798
3799
38
3800
3801
381
3811
3815
3816
3817
3827
383
3831
3832
3835
3836
3837
3838
3839
384
3840
3841
3842
3843
3845
3846
3848
3851
3852
3854
3855
3856
3857
3858
3860
3861
386597
3866
386617
3868
387
387032
387119
3872
387254
387338
387357
387496
3875
387522
387639
387640
387644
387656
387662
387671
387680
387692
387695
387697
387724
387739
387753
387762
387816
387822
387856
387882
387893
387908
387912
387921
387923
387933
387941
387945
387984
387991
387993
388
3880
388003
388015
388017
388077
388078
388079
388080
388084
388092
388098
3881
388109
388115
388121
388135
388137
388142
388146
388151
388154
388160
388167
388181
388189
388202
388215
388219
388221
388226
388235
388237
388240
388255
388264
388271
388275
388297
388311
388312
388324
388326
388327
388329
388332
388335
388336
388339
388341
388362
388371
388380
388391
388392
388394
388395
388397
388437
388462
388469
388488
388489
388497
388500
388506
388515
388516
388522
388539
388550
388554
388561
388565
388567
388569
388574
388576
388590
388604
388617
388618
388662
388674
388677
388695
3887
388745
388759
388763
388768
388776
388777
388787
388789
388816
388819
388849
388863
388886
388891
3889
388903
388918
388928
388957
388962
388963
388965
388969
388972
388974
388976
388978
389
389002
389007
389008
389020
389036
389052
389058
389059
389072
389073
389084
389090
389105
389106
389107
389112
389114
389118
389119
389124
389143
389187
389197
3892
389218
389221
389253
389275
389281
389294
389298
389314
389337
389346
389347
389362
389389
389395
389434
389461
389462
389477
3895
389524
389530
389541
389549
389643
389651
389677
389697
3897
389708
389718
389723
389739
389748
389753
389760
389765
389785
389791
389797
3898
389813
389840
389844
389861
389862
389873
389878
389893
389896
3899
389941
389953
389974
389986
39
390
390468
390481
390530
390535
390561
390595
3906
390607
390644
390684
390710
390715
390718
390777
390792
3908
390814
3909
390906
390916
390927
390928
390945
390963
390980
391
3910
391040
391087
3911
391123
3912
391248
391299
3913
391335
391343
391392
3914
391426
391427
391446
3915
391501
391544
391594
3916
391733
3918
391844
392
3920
392084
3921
392411
3925
392551
392615
392617
392630
392634
392668
392673
3927
392727
392742
392748
392762
392850
392887
393
3930
3931
3932
3934
3936
3937
3939
394
3945
3949
395
3953
3954
3958
3959
396
3960
3964
3965
397
3973
3975
3977
3978
3980
3981
3983
3984
3985
3987
3991
3992
3993
3995
399655
399664
399665
399668
399687
399701
399712
399719
399726
399736
399753
399756
399758
399761
399763
399767
399768
399769
399778
399780
3998
399831
399844
399851
399865
399909
399913
399917
399921
399922
399923
399924
399925
399933
399947
399949
399954
399957
399959
399975
399978
399979
400
4000
400002
400006
400007
400025
400083
4001
400110
400121
400169
400212
400219
400224
400242
400249
400302
400304
400320
400336
400414
400433
400442
400464
400465
400468
400475
400499
4005
400505
400506
400509
400510
400520
400522
400530
400531
400536
400537
400542
400559
400567
400569
400570
400579
400612
400613
400615
400616
400617
400625
400645
400650
400663
400665
400667
400669
400670
400677
400682
4007
400706
400707
400714
400717
400720
400721
400724
400734
400745
400746
400747
400767
400770
400773
400777
400788
400791
400795
4008
400807
400810
400818
400819
400826
400843
400855
400880
400942
400949
400954
400967
400983
400986
400987
400988
400993
401002
401013
401024
401025
401033
401045
401052
401059
401072
401074
401100
401111
401112
401120
401128
401141
401145
401149
401152
401155
401160
401168
401174
401183
401187
401188
401190
401193
401198
4012
401209
401213
401214
401217
401219
401221
401226
401227
401238
401239
401242
401245
401255
401261
401263
401271
401272
401273
401287
401299
4013
401301
401302
401307
401329
401344
401374
401389
401395
401397
401401
401428
401429
401441
401444
401446
401448
401466
401471
401475
401483
401490
401492
401503
401507
401511
401527
401532
401543
401548
401552
401557
401558
401565
401569
401581
4016
401618
401620
401624
401628
401630
401635
401716
401806
401811
401846
402
402055
402110
402223
402235
402237
4023
402321
402354
402368
402437
402450
402452
402455
402478
402483
402501
402502
402520
402539
402544
402547
402549
402550
402554
402556
402557
402560
402561
402565
402568
402572
402577
402584
402585
402591
4026
402600
402602
402619
402621
402622
402638
402640
402681
403
4033
4034
4035
4036
4038
4040
404037
404093
4041
404217
404220
4043
4045
4046
4047
404734
404785
4048
405
4050
4051
4052
4053
4054
4055
4057
405752
4059
406
4060
4061
4062
4064
4065
4067
4068
4069
4070
4071
4072
4074
4076
4077
408
4082
4084
4086
4087
4088
4089
409
4090
4093
4097
4099
41
410
4121
4122
4123
4124
4125
4126
4128
4129
4130
4131
4133
4134
4135
4139
4140
4141
4144
4145
4147
4149
415
4150
4152
4154
4155
4157
4162
4163
4166
4168
4170
4171
4172
4173
4174
4176
4179
4184
4185
4188
4189
4190
4191
4192
4193
4194
4199
4200
4201
4204
4205
4207
4208
4209
421
4210
4211
4212
4215
4216
4217
4218
4221
4233
4234
4236
4237
4238
4239
4240
4241
4249
4253
4255
4256
4257
4258
4259
4261
4267
427
4277
4281
4282
4283
4286
4287
4288
4289
429
4291
4292
4293
4294
4296
4297
4298
4299
43
4300
4301
4302
4303
4306
4308
4311
4312
4313
4317
4318
4321
4322
4323
4324
4326
4329
4331
4332
4335
4336
4337
4338
4340
4343
4345
435
4350
4351
4353
4354
4355
4356
4357
4358
4359
4360
4361
43847
440
443
4430
4436
4437
4439
444
4440
445
4477
4478
4481
4482
4485
4486
4488
4493
4494
4495
4496
4498
4501
4502
4504
4507
4509
4512
4513
4520
4522
4524
4528
4534
4535
4536
4537
4538
4540
4541
4542
4543
4548
4580
4582
4583
4585
4587
4588
4591
4594
4597
4598
4599
460
4601
4602
4603
4604
4605
4609
4615
4616
4619
462
4620
4621
4624
4625
4627
4628
4629
463
4636
4637
4638
4640
4641
4642
4643
4644
4645
4646
4647
4648
4649
4650
4651
4659
466
4660
4661
4665
4666
4669
4670
4671
4673
4674
4675
4676
4677
4678
468
4680
4681
4682
4683
4684
4685
4686
4687
4688
4690
4691
4696
4697
4698
47
4700
4701
4702
4703
4704
4705
4706
4707
4708
471
4710
4713
4714
4715
4716
4718
4719
472
4720
4722
4723
4724
4725
4726
4728
4729
473
4731
4733
4734
4735
4736
4739
474
4741
4744
4745
4747
4750
4751
4752
4753
4756
4758
476
4760
4761
4763
477
4771
4772
4774
4775
4776
4778
4779
478
4780
4781
4782
4783
4784
4790
4791
4792
4793
4794
4795
4796
4798
4799
48
4800
4801
4802
4804
4809
481
4810
4811
4814
4818
482
4820
4824
4833
4835
4836
4839
4841
4842
4848
4849
4850
4851
4852
4853
4854
4855
4856
4857
4858
4862
4863
4864
4867
4868
4869
488
4881
4882
4883
4884
4886
489
4891
4892
4897
4898
4899
490
4900
4901
4904
4905
4907
491
4915
4919
492
4921
4923
4924
4925
4926
4927
4928
4929
493
4931
4938
4939
4942
4943
4946
4950
4952
4953
4956
4957
4967
4968
4974
4976
4978
498
4982
4983
49854
49855
50
5000
5004
5005
5007
501
5010
5018
5019
5021
5025
5031
5032
5033
5034
5036
5037
5045
5046
5048
50484
50485
50486
50488
5049
50509
5051
50512
50515
5052
5053
5054
5058
506
50613
50617
50618
50619
5062
50624
5063
5064
50649
50650
50651
5066
5067
5069
50717
5073
5074
5080
50801
50804
50807
50808
50809
50810
50813
50814
5082
50848
50855
50859
50861
50862
50863
50865
5087
5089
509
5090
5091
5093
50937
50939
5094
50943
50944
5095
5097
5098
5099
50999
51
5100
51000
51001
51005
51006
51008
51009
5101
51010
51011
51012
51013
51014
51015
51018
51019
51020
51023
51024
51026
51028
51029
51030
51031
51035
5104
51042
51043
5105
51053
51056
51058
5106
51060
51061
51062
51066
51067
51070
51072
51073
51074
51075
51076
51078
51079
5108
51082
51084
51085
51087
51088
51090
51092
51094
51095
51096
51098
51099
5110
51100
51104
51105
51106
51107
51108
51109
5111
51110
51111
51112
51114
51115
51116
51117
51118
51119
51121
51122
51123
51124
51127
51128
51129
51130
51131
51132
51133
51134
51135
51138
51141
51142
51143
51144
51147
51148
51150
51154
51155
51157
5116
51160
51161
51162
51164
51166
51167
51168
51170
51172
51175
51176
51177
5118
51181
51182
51185
51186
51187
5119
51193
51194
51195
51196
51199
51200
51202
51203
51206
51222
51225
51226
51228
51230
51232
51237
51239
51240
51244
51246
51247
51249
5125
51250
51251
51253
51255
51257
5126
51260
51263
51265
51268
5127
51271
51272
51274
51275
51278
51279
5128
51280
51282
51286
5129
51291
51295
51296
513
5130
51300
51302
51304
51306
51307
51308
51309
51310
51312
51315
51316
51317
51319
51320
51321
51322
51324
51329
51332
51333
51334
51335
51337
51339
5134
51340
51341
51343
51347
51348
5136
51360
51361
51362
51366
51368
5137
51371
51374
51375
51377
51379
5138
51380
51382
51385
51386
51389
51390
51398
51399
5140
51406
5141
51411
5142
51421
51422
51426
51427
51428
51429
51430
51433
51434
51435
51439
5144
51440
51441
51444
51447
51449
5145
51450
51454
51455
51460
51463
51466
51474
51477
51479
51480
51490
51491
51493
51496
51497
515
51501
51503
51504
51506
51507
5151
51510
51517
5152
51520
51523
51526
5153
51530
51531
51533
51534
51535
51538
5154
51540
51542
5155
51550
51552
51555
51559
5156
51560
51562
51564
51567
51569
51571
51573
51574
51575
5158
51582
51585
51586
51588
51592
51593
51594
51596
51599
516
5160
51602
51604
51606
51608
51614
51616
51617
5162
51621
51622
51629
5163
51631
51634
51635
51637
5164
51643
51649
51650
51652
51655
5166
51663
51665
51667
51669
51673
51678
5168
51690
51691
51692
51693
51696
51699
517
5170
51701
51704
51705
51706
51710
51711
51714
51715
51719
5172
51720
51726
51727
51729
51735
5174
51741
51742
51747
5175
51750
51752
51755
51759
5176
51760
51761
51762
51763
51765
51768
51773
51776
5178
51780
5179
518
51804
51807
51816
5184
5187
5189
5190
5192
5195
5198
5199
5201
5202
5203
5204
5205
5209
5211
5213
5214
5216
5218
522
5222
5223
5226
5229
523
5230
5232
5236
5239
5243
5244
5245
525
5250
5252
5253
5256
5257
526
5261
5264
5265
5268
5269
527
5270
5272
5274
528
5283
5284
5286
5287
5289
529
5291
5292
5293
5295
5296
5297
5298
53
5300
5303
5304
5305
5306
5310
5311
5315
5316
5317
5318
5319
5325
5326
5327
5329
533
5330
5331
5332
5333
53335
53339
5334
53340
53342
53343
53349
5335
53353
53354
53358
5336
5337
53371
53373
5339
534
5340
53405
53407
5341
5346
5348
5349
535
5351
5352
5354
5355
5357
5358
5359
53615
53616
5362
53635
5364
5365
537
5371
5372
5373
5375
5376
5378
538
5380
53822
53827
5383
53838
53840
53841
5387
539
53904
53905
53916
53918
53919
5393
5394
5395
53981
54
540
54014
54033
54058
54059
5406
5407
5408
54102
54103
54107
54108
5411
5412
5413
5414
54148
54149
54165
5420
54205
54206
5422
5423
5424
5425
5426
5428
5429
5430
5431
5432
5433
54332
5434
5435
5436
54386
5439
54407
54413
54414
5442
5443
54433
54434
54436
54439
54440
54442
54443
5445
54453
54454
54455
54456
54457
54458
5446
54461
54462
54463
54464
54465
54467
54468
5447
54470
54472
54474
54475
54476
54477
54482
54487
54491
54495
54496
54497
54498
54499
545
5450
54502
54503
54504
54505
54507
54509
5451
54510
54512
54514
54516
54518
5452
54520
54521
54522
54529
5453
54530
54531
54532
54534
54535
54536
54537
54538
54539
54540
54541
54542
54545
54546
54549
5455
54550
54551
54552
54555
54556
54557
54566
54567
54575
54579
54583
54584
54585
54586
54596
546
54602
54606
54617
54619
54620
54621
54623
54625
54626
54627
54629
5463
5464
54659
54662
54663
5467
54674
54676
5468
54680
54681
54682
5469
547
54700
54704
54707
54715
54716
54726
54737
54749
5475
54751
54757
54758
5476
54762
54764
54765
54768
54769
54776
54778
5478
54785
54788
5479
54790
54793
54799
5480
54800
54801
54805
54806
54807
54808
5481
54810
54811
54812
54813
54814
54815
54816
54820
54822
54823
54827
54828
54831
54832
54834
54836
54839
54841
54842
54843
54849
54850
54853
54855
54856
54857
54859
54860
54861
54862
54865
54867
54869
54870
54872
54873
54874
54875
54876
54877
54878
54879
54880
54881
54882
54883
54884
54885
54887
54888
54890
54891
54892
54893
54894
54897
54898
54899
549
54900
54901
54902
54904
54908
54910
54914
54915
54916
54918
54920
54923
54926
54927
54928
54929
5493
54931
54934
54935
54937
5494
54940
54941
54943
54946
54947
54949
5495
54952
54953
54954
54955
54959
5496
54963
54968
54970
54971
54972
54973
54977
54981
54984
54985
54986
54987
54989
5499
54993
54994
54997
54998
55
550
5500
55001
55002
55003
55004
55007
5501
55010
55011
55012
55014
55015
55017
5502
55023
55024
55026
55028
55030
55031
55032
55033
55035
55036
55037
55038
55039
5504
55040
55041
55048
55049
55051
55054
5506
55062
55063
55068
55069
55072
55073
55074
55075
55076
55079
55080
55081
55082
55083
55084
55086
55088
55094
55095
5510
55100
55101
55102
55103
55105
55107
55108
55109
5511
55110
55111
55112
55114
55116
55117
55118
55119
55120
55122
55127
55128
55130
55131
55132
55133
55135
55139
5514
55142
55144
55147
55148
5515
55153
55156
55157
55159
5516
55160
55163
55165
55166
55167
55168
55172
55174
55175
55176
55177
55178
5518
55180
55181
55182
55183
55184
55186
55187
55188
5519
55190
55191
55192
55193
55195
55196
55197
55198
5520
55200
55201
55204
55205
55206
55207
55208
55209
5521
55210
55212
55214
55215
55216
55219
5522
55223
55224
55225
55226
55227
55228
5523
55230
55233
55234
55236
55239
5524
55243
55244
55249
5525
55250
55251
55252
55253
55254
55255
55256
55257
55259
5526
55260
55262
55266
55267
55269
5527
55273
55274
55275
55277
55278
55279
5528
55281
55282
55285
55288
5529
55291
55293
55294
55296
55297
55298
55299
5530
55303
55304
55308
5531
55311
55312
55314
55316
55319
5532
55320
55323
55324
55326
55327
55329
5533
55331
55333
55334
55337
55338
55339
5534
55340
55341
55342
55344
55345
55346
55347
55349
55352
55353
55355
5536
55362
55363
55364
55365
55366
55367
5537
55379
5538
5542
55421
55422
55425
55435
55437
5545
55450
5546
55466
5547
55486
5549
5550
55500
55501
55503
55506
55512
55515
5552
55521
55526
55527
55529
5553
55530
55531
55534
55536
55544
55552
55553
55558
55561
55565
55568
55571
55573
55576
55577
55578
55580
55582
55585
55586
55588
55589
55591
55593
55596
55599
55600
55601
55602
55604
55605
55607
55608
55609
55610
55611
55612
55614
55616
55619
5562
55620
55622
55623
55624
55625
55626
55627
55628
55629
5563
55631
55632
55633
55634
55635
55636
55638
5564
55643
55646
55647
55651
55652
55653
55654
55655
55656
55657
55658
5566
55660
55661
55662
55663
55664
55665
55666
55667
55668
55670
55671
55672
55677
55679
55680
55681
55684
55686
55689
55690
55691
55692
55696
55697
55698
55699
55700
55701
55703
55705
55706
55707
55709
5571
55714
55715
55717
55719
55720
55722
55726
55728
55729
5573
55731
55734
55735
55737
55738
55740
55741
55742
55743
55745
55746
55747
55748
55749
5575
55750
55751
55752
55753
55754
55755
55757
55758
5576
55761
55762
55763
55764
55765
55766
55768
55769
5577
55770
55773
55775
55776
55777
55778
55779
55780
55781
55783
55784
55785
55786
55787
55788
55789
5579
55790
55791
55794
55795
55798
55799
558
5580
55802
55806
55808
55809
5581
55810
55812
55813
55814
55815
55818
55819
5582
55823
55824
55827
55829
5583
55831
55832
55833
55835
55836
55839
5584
55840
55841
5585
55850
55852
55854
55856
55857
55858
55859
5586
55860
55861
55862
55869
55870
55871
55876
5588
55884
55885
55888
55889
5589
55890
55892
55893
55898
5590
55900
55902
55904
55905
55906
55907
55909
5591
55911
55914
55915
55917
5592
55920
55922
55924
55929
5593
55930
5594
5595
55957
55959
55964
55966
55967
55968
5597
55971
55973
55975
5598
5599
5600
56000
56006
5601
5602
5603
5604
5605
56062
5607
5608
5609
56097
56098
56099
5610
56100
56101
56103
56106
56107
5611
56112
5612
56121
56124
56126
5613
56131
56134
56142
56143
56159
56160
56164
56165
56172
56181
5619
5620
56204
5621
56241
56242
56243
5625
56253
56254
56255
56256
56257
56259
56262
56265
56267
56269
56270
56271
56288
5629
563
5630
56311
56339
5635
5636
5641
5644
5645
5646
56474
56478
56479
5649
5650
5652
5653
5654
56548
5660
56603
56605
56616
56617
5662
56623
56624
5663
5664
56647
56649
56650
56652
56654
56658
56659
56660
56666
56667
56672
56681
56683
5669
567
5670
56704
5671
5672
5673
56731
5675
5676
56776
5680
5682
56829
56834
5684
56849
5685
56850
56851
56853
5686
5687
5688
56882
56886
56888
56889
5689
56892
56893
56894
56895
56896
56898
56899
5690
56902
56904
56905
56907
56910
56912
56916
56917
5692
56922
56924
56926
56927
56928
56929
5693
56931
56937
5694
56940
56941
56943
56945
56946
56947
56949
5695
56950
56951
56957
56959
56963
56965
56967
56970
56975
56977
56978
56980
56984
56987
5699
56992
56994
56995
56996
56997
56998
56999
5700
57002
57003
57007
5701
57017
57018
57019
5702
57020
57030
57035
57037
57038
5704
5705
57050
5706
57060
57062
5707
5708
57082
57085
57088
5709
57091
57092
57095
57096
57097
57099
571
5710
57101
57104
57106
57107
57109
5711
57110
57111
57117
57118
57120
57122
57124
57125
57128
57129
5713
57130
57132
57134
57136
57139
5714
57140
57142
57144
57147
57148
5715
57153
57154
57156
57157
57158
57159
5716
57161
57162
57165
57169
5717
57172
57176
57178
57179
5718
57181
57182
57184
57185
57186
57187
57188
5719
57190
57192
57194
57198
572
5720
57209
5721
57210
57211
57212
57214
57215
57216
57221
57222
57223
57228
57231
57232
5725
5727
5728
57282
573
5730
57325
57326
57332
57333
57335
57337
57338
5734
57348
57379
5738
57380
57393
57396
5740
57402
57403
57404
57405
57406
57407
57410
57412
57414
57415
57418
57419
5742
5743
5744
57446
57447
57448
57449
5745
57451
57453
57455
57456
57458
57459
57460
57461
57464
57466
57468
57469
5747
57470
57471
57472
57473
57474
57475
57476
57477
57478
57479
57480
57481
57482
57486
57488
57489
57492
57493
57494
57495
57496
57498
575
57502
57504
57506
57507
57509
57510
57511
57512
57513
57514
57515
57519
57520
57521
57522
57523
57524
57526
5753
57530
57531
57532
57533
57534
57535
57536
57537
57538
57539
5754
57540
57541
57545
57546
57547
57549
57551
57552
57553
57554
57555
57556
57559
5756
57560
57561
57562
57563
57567
57568
57569
5757
57570
57571
57572
57573
57575
57576
57577
57578
57579
57580
57582
57584
57585
57586
57587
57589
57590
57591
57592
57593
57594
57595
57596
57597
57599
576
57602
57604
57605
57606
57608
57609
57610
57614
57615
57616
57617
57619
57620
57622
57623
5763
57630
57631
57633
57634
57636
5764
57641
57642
57643
57644
57645
57646
57648
57649
57650
57653
57654
57655
57658
57659
57661
57662
57664
57667
57670
57674
57678
57679
5768
57680
57683
57684
57685
57687
57688
57689
57690
57692
57693
57696
57697
57698
57699
577
5770
57700
57701
57703
57704
57706
57707
57708
5771
57710
57711
57713
57714
57716
57718
57719
57720
57721
57724
57727
57728
57730
57731
57732
5774
5775
57758
57763
5777
57786
57787
57794
57798
57799
578
5780
57804
57805
5781
57817
5782
57820
57821
57823
57826
57828
5783
57830
5784
5786
57862
57863
5787
5788
5789
5791
5792
5793
5794
5795
5796
5797
5798
5799
580
5801
5802
5803
5805
581
5810
5814
58155
5817
5818
58191
582
5822
5824
5825
5826
5829
583
5830
5832
5833
5834
5836
5837
58472
58473
58475
58476
58477
58478
58486
58487
58488
58490
58492
58493
58494
58497
58499
585
58500
58504
58506
58508
58509
58512
58513
58516
58517
58525
58526
58528
58533
5859
5861
5862
5863
5864
5865
5866
5867
5868
5869
587
5870
5872
5873
5875
5876
5878
5879
5880
5883
5884
5885
5886
5887
5889
5891
5893
5894
5898
58986
5899
59
5900
5901
5902
5903
5905
5906
5908
59084
5909
5910
5914
5916
5917
5919
5921
5922
5923
5924
5925
5926
59269
5927
59272
59274
59277
5928
59284
5929
5930
59307
5931
5932
59338
5934
59341
59343
59345
59348
59349
5935
59350
5936
5937
5939
594
5947
595
5950
5954
5955
596
5962
5965
5966
5967
597
5970
5976
5977
5978
5979
598
5980
5981
5982
5987
5989
599
5990
5991
5992
5993
5995
5996
5997
5998
5999
60
6000
6001
6002
6004
6007
6015
6018
602
60312
60313
60314
6035
60370
6038
60385
60386
604
6041
60412
6045
6046
6047
6048
60481
60484
60488
60489
6049
60492
60496
605
6050
60509
6051
60526
60528
60558
60559
60560
60561
6059
60592
60625
60626
60673
60676
60678
60680
60681
60682
60684
60686
607
6091
6092
6093
6095
6096
6097
610
6103
6117
6118
6120
6122
6124
6125
6128
6129
613
6130
6132
6133
6134
6135
6136
6137
6138
6139
6141
6142
6143
6144
6146
6147
6150
6152
6154
6155
6156
6157
6158
6159
6160
6161
6164
6165
6166
6167
6168
6169
6170
6171
6173
6175
6176
6181
6182
6183
6184
6185
6187
6188
6189
6191
6192
6193
6194
6195
6196
6197
6198
6199
6201
6202
6203
6204
6205
6206
6207
6208
6209
6210
6217
6218
622
6222
6223
6224
6227
6228
6229
6230
6231
6232
6233
6234
6235
6238
6239
6240
6242
6248
6249
6251
6252
6256
6257
6259
6261
6262
6263
627
6271
6272
6275
6279
6280
6281
6282
6285
6288
629
6293
6294
6296
6299
6300
6301
6302
63027
6303
63035
6304
6305
6307
631
6310
6311
6314
6319
6322
6323
6324
6326
6328
6329
633
6331
6332
6334
6335
6337
6338
634
6340
6341
6342
6347
635
6352
636
6366
637
638
63827
6383
6385
6386
63874
63875
63876
63877
6389
63891
63892
63893
63894
63895
63897
63898
63899
639
6390
63908
63915
63916
63917
63920
63923
63924
63925
63926
63928
63929
63931
63932
63933
63935
63939
63940
63941
63943
63946
6396
63967
6397
63971
63974
63977
63979
6398
640
6400
6402
6404
6405
6406
64061
64062
64065
6407
64073
64077
64081
64083
64087
64092
64094
64098
641
64101
64108
64110
64112
64114
64116
64118
64122
64129
64135
6414
64145
64147
64149
6415
6416
64167
64168
64170
64175
6418
6419
642
64207
6421
64210
64215
64216
64219
64221
64222
64223
64224
64225
6423
64231
6426
6427
6428
64282
64285
6429
643
6430
6431
64318
64319
6432
64320
64324
64326
64327
64328
6433
64332
64333
6434
64342
64343
64344
6435
64359
6436
64374
64376
64386
6439
64393
64395
64397
64398
64399
644
6440
64400
64405
64407
64409
6441
64411
64412
64418
64419
64420
64421
64422
64423
64425
64426
64427
64428
64429
6443
64430
64431
6446
6447
64478
6448
6449
6451
64518
6452
6453
6455
6456
6457
64582
64598
64599
646
64601
6461
6464
64645
64649
64651
64663
6468
64682
64689
64693
6470
64708
64710
64714
64718
6472
6473
64743
64744
64745
64746
64747
64748
64750
64753
64754
64755
64756
64757
64759
64760
64761
64762
64763
64764
64766
64768
64769
6477
64770
64771
64772
64773
64776
64777
64778
64779
6478
64780
64781
64783
64784
64786
64787
64792
64793
64795
64798
648
6480
64800
64802
64805
6483
64834
64837
64838
64839
6484
64841
64844
64847
64848
64849
64850
64852
64853
64856
64857
64859
64864
64866
6487
64881
6489
64895
64897
649
64902
6491
64919
64921
64922
64924
64925
64926
64927
6493
6494
64946
64949
6496
64960
64965
64968
64969
6497
64976
64978
6498
64983
6499
650
6500
65005
65008
65009
65018
6503
6505
65055
65056
65057
65059
6506
65062
65065
6507
6508
65080
65082
65083
65084
6509
65094
65095
65108
65109
65110
65117
65123
65124
65125
6513
6515
6518
6519
6520
6521
6522
65220
65243
65244
65249
6525
65250
65251
65258
65259
6526
65264
65265
65266
65267
65268
6529
6535
6536
6539
6540
6541
6542
6543
6546
6548
6550
6556
6557
6558
6560
6561
6563
6564
6566
6567
6569
657
6573
6574
6575
6576
6578
658
6580
6585
6586
659
6591
6594
6595
6596
6597
65977
65979
6598
65980
65981
65982
65983
65986
6599
65990
65991
65992
65993
65997
65999
66000
66005
66008
6601
6602
6603
66036
66037
6604
6605
6606
6607
6609
661
6611
6612
6613
6614
6616
6617
6618
6619
662
6620
6621
6622
6623
6624
6625
6626
6627
6628
6629
663
6631
6632
6633
6634
6636
6637
664
6640
6641
6642
6643
6646
6647
6648
6649
6650
6651
6652
6653
6654
6655
6657
6659
6660
6662
6663
6664
6665
6667
6668
667
6670
6671
6672
6674
6675
6678
6683
6687
6688
6692
6695
6696
6708
6709
6710
6711
6712
6713
6714
6715
6717
6718
672
6720
6721
6722
6727
6729
673
6730
6731
6732
6733
6734
6737
6738
6741
6744
6745
6746
6747
6748
6749
675
676
6760
6764
6767
6768
6769
677
6772
6773
6774
6775
6776
6777
6778
678
6780
6782
6785
6786
6787
6788
6789
6790
6792
6793
6794
6801
6804
6809
6810
6811
6812
6813
6817
6818
682
6820
6821
6822
6827
6829
683
6830
6832
6833
6835
6836
6838
6839
684
6840
6843
6844
6847
6850
6853
6854
6855
6856
6857
686
6860
6861
6863
6865
6867
6868
687
6871
6872
6873
6874
6876
6877
6878
6879
688
6880
6881
6882
6883
6885
6886
6888
689
6890
6891
6892
6894
6895
6897
6900
6902
6903
6904
6905
6907
6908
6909
6910
6911
6913
6917
6919
6920
6921
6923
6924
6925
6926
6928
6929
6932
6934
6935
6936
6938
6940
6942
6943
6944
6945
6948
6949
695
6950
6954
696
699
6993
6996
6999
7001
7006
7008
7009
701
7010
7013
7014
7016
7018
7019
7020
7023
7024
7025
7026
7027
7029
7030
7033
7035
7036
7037
7040
7041
7042
7043
7045
7046
7047
7049
705
7052
7056
7057
7058
7059
706
7060
7062
7064
7066
7067
7068
7069
7070
7071
7072
7073
7074
7075
7078
708
7082
7083
7084
7086
7087
7088
7089
7090
7091
7094
7095
7099
71
710
7100
7102
7103
7105
7107
7108
7109
7110
7111
7112
7113
7114
712
7122
7123
7125
7126
7127
7128
713
7132
7133
7134
7137
7138
7139
714
7140
7141
7143
7145
7148
715
7150
7153
7155
7157
7158
7159
716
7161
7162
7163
7164
7165
7167
7168
7169
717
7170
7171
7172
7173
7174
7175
7177
7178
7179
718
7180
7181
7182
7184
7185
7186
7187
7188
7189
72
720
7203
7204
7205
721
7216
722
7220
7223
7226
7227
7247
7248
7249
7251
7257
7258
7259
726
7262
7263
7264
7265
7266
7267
7268
727
7270
7272
7273
7274
7275
7276
7277
728
7280
7283
7284
7286
7289
729
7290
7293
7295
7296
7297
730
7301
7306
7307
7310
7311
7314
7316
7317
7318
7319
732
7320
7322
7323
7324
7325
7327
7328
7329
7332
7334
7336
7337
734
7341
7342
7343
7345
7347
7348
735
7351
7355
7356
7358
7360
7363
7364
7367
7368
7369
7371
7372
7373
7374
7375
7376
7378
738
7381
7384
7385
7386
7389
7390
7391
7392
7398
7402
7403
7404
7405
7407
7408
7409
7410
7411
7412
7414
7415
7416
7417
7421
7425
7428
7429
7430
7431
7436
7442
7443
7444
7447
7448
745
7450
7453
7454
7456
7458
7461
7462
7466
7468
7469
7477
7494
7498
7504
7507
7508
7512
7514
7515
752
7520
7525
7528
7529
753
7531
7532
7533
7534
7536
7538
7539
754
7543
7544
7545
7546
7547
7551
7552
7553
7554
7555
7558
7561
7564
7565
7566
7568
7569
757
7570
7571
7572
7574
7576
7579
7581
7584
7587
7589
759
7592
7593
7594
7596
7597
760
761
7621
7625
7626
7627
7629
7637
7638
7639
7643
7644
7670
7673
7692
7693
7694
7695
7696
7697
7699
770
7700
7701
7702
7703
7704
7705
7706
7707
7709
771
7711
7716
7718
7726
7727
7728
773
7730
7732
7733
7737
7738
774
7741
7743
7745
7746
7748
775
7750
7753
7756
7757
776
7760
7761
7763
7764
7766
7768
7769
7770
7772
7775
7776
7779
778
7781
7782
7783
7786
7789
7791
7798
7799
780
7802
7803
7804
7805
781
7812
7818
782
7827
783
7832
7837
784
7840
7841
7844
7846
7849
785
7851
7852
7857
7862
7866
7867
7869
7871
7873
7874
7879
7881
7884
78986
78987
78988
78994
78998
79000
79001
79002
79004
79005
79007
79008
79009
79012
79016
79020
79027
79029
7903
79031
79033
79034
79036
79039
79047
79048
7905
79050
79053
79054
79058
79065
79066
79068
79073
79074
79075
79077
79080
79081
79083
79085
79087
79088
79089
79094
79095
79098
79101
79109
7913
79133
79137
79142
79143
79144
79149
7915
79152
79153
79155
79156
79157
79158
79159
7916
79165
79169
7917
79171
79174
79176
79177
7918
79180
79187
7919
79191
79192
7920
7922
79228
7923
79269
793
7936
79364
79365
79366
79370
7941
79411
79415
7942
79441
79442
79443
79447
79567
79568
79571
79572
79573
79574
79575
79576
79577
79581
79582
79585
79586
79587
79589
79590
79594
79595
79596
79598
79602
79603
79605
79611
79612
79618
79621
79622
79623
79624
79625
79627
79629
79631
79632
79633
79639
79640
79641
79643
79647
79648
79649
7965
79651
79652
79654
79656
79657
79658
79659
79660
79663
79664
79665
79667
79668
79669
79670
79672
79673
79675
79677
79680
79682
79683
79685
79689
79691
79696
79697
79698
79699
79705
79706
79710
79711
79712
79714
79716
79717
79718
79719
79720
79722
79724
79725
79726
79727
79728
79729
79734
79735
79736
79739
79740
79741
79744
79745
79746
79750
79751
79752
79753
79755
79759
7976
79762
79763
79765
79767
79768
79770
79772
79776
79778
79780
79781
79784
79788
79789
7979
79792
79797
79798
7980
79800
79801
79802
79803
79809
79811
79812
79813
79814
79815
79817
79818
7982
79827
79828
79830
79832
79834
79837
7984
79845
79846
79848
79858
79862
79863
79864
79866
79867
79868
79869
79870
79871
79872
79874
79875
79876
7988
79882
79884
79885
79886
79887
79888
79890
79891
79892
79893
79898
79901
79902
79903
79906
79908
79912
79915
79921
79922
79925
79929
7993
79932
79933
79934
79937
79939
7994
79948
79949
79953
79954
79955
79956
79957
79958
79959
79960
79962
79964
79966
79968
79969
79971
79974
79977
79982
79983
79991
800
80000
80003
80004
80005
80006
80007
80010
80011
80012
80013
80014
80017
80018
80021
80028
80031
80036
80039
80055
80059
80063
80071
80076
80091
80097
80098
801
80108
80112
80114
80115
80124
80127
80128
80129
8013
80131
80135
80139
80142
80143
80144
80145
80146
80149
80150
80152
80153
80154
80155
80162
80167
80173
80174
80178
80183
80184
80185
8019
80196
80198
80199
80204
80205
80206
80207
80208
80209
8021
80210
80212
80217
80219
80221
80223
80224
80227
80228
80230
80232
80233
80235
80237
80243
80254
80255
80256
80258
80262
80264
80267
8027
80270
80271
80274
80279
8028
8029
80298
8030
80301
80303
80305
80306
80309
8031
80310
80312
80313
80314
80315
80316
80318
80320
80321
80323
80324
80325
80331
80332
80335
80339
8034
80344
80345
80347
80351
8036
8038
8045
805
8050
8061
8065
80700
80704
80705
80709
80725
80726
8073
80736
80755
80758
8076
80760
80762
80774
80777
8078
80781
80789
8079
80790
808
80816
80817
80818
80821
80823
80824
80829
80830
80832
80833
8085
80851
80852
80854
80856
8086
80863
8087
80895
8099
81
8100
81031
81034
81035
8106
811
8120
8125
813
814
8140
81472
8148
81488
81490
81492
81493
815
81502
81533
81537
81539
81542
81544
81545
81550
81551
81552
81553
81554
81555
81556
81557
81559
81563
81565
81566
81567
81570
81575
81576
81578
81579
816
81603
81607
81608
81609
8161
81610
81611
81617
81618
81620
81622
81624
81626
81627
81628
81631
8165
81669
81688
81689
817
8170
81704
8174
8175
8178
81788
81790
81792
81794
818
81831
81832
81844
81846
81847
81848
81853
81855
81856
81857
81858
81873
81876
81887
81888
81889
8189
81892
81893
81894
819
8192
81926
8193
81931
8195
8202
8204
8208
8209
821
8216
8218
822
8220
8224
8225
8227
823
8233
8237
8239
824
8241
8242
8243
825
826
8260
8277
828
8284
8287
8289
829
8291
8295
830
8301
8309
831
8310
8312
8313
8314
8315
832
8320
8321
8322
8323
8324
83259
833
8332
8335
8337
8338
83394
834
83440
83443
83444
83446
83447
83449
83450
83451
83452
83459
8346
83460
83464
83478
83479
83482
83483
8349
835
83538
83539
83540
83543
83544
83547
83548
83590
83593
83594
836
83604
83605
83606
83636
83637
83639
83641
83642
83648
83658
83659
83660
83666
83667
8367
83692
83694
83696
83698
83699
837
83700
83706
83707
83714
83715
83716
83719
8372
83729
83732
83733
83737
83743
83744
83746
83752
83758
83759
83787
8379
838
83849
83852
83853
83856
83857
83858
83860
83861
83862
83872
83874
83878
83889
83891
83892
83893
83894
839
83930
83931
83932
83933
83939
8394
83940
83941
8395
83955
8396
83982
83985
83986
83987
83988
83989
8399
83990
83992
83999
840
84033
84034
8404
84056
84059
8406
84060
84061
84062
84063
84064
84065
84066
84067
8407
84070
84071
84073
84074
84079
8408
84080
84081
84083
84084
84085
8409
841
84101
84102
84107
84108
8411
8412
84124
84127
84128
84129
84131
84132
84133
84137
84138
84140
84141
84146
84148
84152
84159
8416
84162
84163
84164
84166
84167
84168
8417
84181
84182
84186
84190
84191
84193
84196
842
84203
84206
84210
84216
84217
84218
84219
84220
84222
84223
84225
84229
84231
84232
84239
8424
84240
84241
84242
84243
84246
84247
84248
84249
8425
84251
84253
84254
84256
84258
84259
84260
84262
84263
84265
84266
84268
8427
84271
84272
84273
84275
84276
84277
8428
84280
84282
84283
84286
84289
84291
84292
84293
84295
84296
84300
84302
84305
84307
84308
84310
84311
84312
84315
84316
84317
84318
84320
84321
84324
84326
84328
84330
84333
84334
84335
8434
84340
84342
8436
84364
84365
8437
84376
8439
844
8440
84417
8443
84433
84436
84437
8444
84440
84441
84443
84444
84445
84446
84447
84448
84449
8445
84450
84451
84455
84456
84457
84458
8446
84460
84462
84464
84465
84466
84467
8447
8448
8449
84498
845
8450
84501
84502
84503
84504
8451
84515
84519
8452
8453
84530
84532
84537
8454
84540
84545
84548
8455
84552
84557
84570
84572
8458
8459
8460
84612
84619
8462
84622
84623
84624
84626
84627
84628
84629
84630
84631
84632
8464
84640
84641
84649
84650
84651
84654
84656
84660
84661
84662
84665
84669
8467
84671
84674
84675
84678
84679
8468
84687
84688
84689
84690
84692
84693
84695
847
8470
84700
84705
84706
84707
84708
84717
84722
84725
8473
84735
84749
84752
8476
84765
84766
84775
84776
84787
8479
84790
84791
84792
84795
8480
84800
8481
84811
84816
84818
8482
84823
8483
84833
84836
84838
84858
84859
84866
84867
84868
84870
84872
84874
84875
84878
84879
84886
84888
84893
84894
84896
84897
84898
8490
84900
84901
84902
84905
84908
8491
84914
84915
84916
84918
84919
8492
84923
84926
84928
84930
84933
84935
84936
84937
84939
84942
84946
84947
8495
84950
84951
84952
84953
84955
84957
84958
84959
8496
84960
84961
84962
84966
84967
84969
8497
84970
84976
8498
84986
84988
8499
84991
84993
8500
85007
85012
85014
85015
85019
8502
85021
85027
8503
8505
8506
8507
8508
8509
8510
8511
8514
8516
8517
8518
8519
8520
8522
85236
8525
8526
8527
85294
85300
85301
85302
8531
85313
85315
8533
8534
8535
85352
85358
8536
85362
85363
85364
85365
85369
8537
85377
85378
85379
8539
85395
8540
85403
85406
85407
85409
8541
85414
85415
8542
8543
85437
85438
85439
8544
85440
85442
85444
85445
85446
85449
8545
85451
85452
85456
85457
85458
85459
8546
85460
85461
85462
85463
85464
85476
85477
85478
85479
8548
8549
8550
85508
8553
8554
8555
8556
8559
8560
8562
8563
8565
8566
8567
8568
8569
857
8570
8572
8573
8575
8577
8578
858
85865
86
8601
8602
8603
8604
8607
8609
861
8612
8613
8614
8615
8618
862
8621
8622
8623
8624
8626
8631
8633
8634
8635
8636
8637
8639
864
8641
8642
8644
8645
8646
8648
8649
8650
8653
8655
8658
8659
8660
8661
8662
8663
8664
8665
8666
8667
8669
867
8671
8672
8675
8676
8677
8678
868
8681
8682
8683
8685
869
8692
8693
8694
8697
87
8701
8703
8704
8707
871
8711
8714
8715
87178
8718
8720
8721
8722
8723
8724
8725
8726
8727
8728
8729
873
8731
8732
8733
8736
8737
874
8740
8741
8742
8743
8745
8748
875
8751
8754
8756
8760
8761
8763
8764
8767
8771
8773
8774
8775
8776
8777
8780
8788
8792
8798
88
8801
8802
8803
8804
8805
8809
8812
8813
8816
8821
8825
8826
8828
8829
883
8833
8836
8837
8839
8841
8842
8843
8844
88455
8848
8850
8851
8852
88523
8853
8857
8861
8862
8863
8864
8867
8869
887
8870
8871
8872
8874
88745
8878
8880
8881
8882
8883
8884
8886
8887
8888
889
8890
8892
8893
8894
8895
8896
8897
8898
8899
8900
8904
8905
8906
8907
8908
891
8910
8911
8912
89122
8913
8914
8915
892
8924
8925
8926
8927
8930
8932
8933
8935
8936
8938
8939
894
8940
8941
8942
8943
8945
896
8971
8972
8974
8976
89765
89781
89790
89795
89796
89797
898
89801
89845
89846
89848
89849
8985
8986
89866
8987
89887
8989
89890
89891
899
8991
89910
8992
89927
8994
89953
89958
8997
89970
89978
8999
90
900
90007
9001
90011
90024
90060
90075
901
90102
90113
90121
9013
90135
9014
90187
9019
902
90203
90204
9021
9022
90233
9024
90249
9025
9026
90271
9028
90293
9031
90317
9032
90324
90326
90333
90338
90355
90362
90378
90379
9038
9039
90390
904
9040
90410
90417
9043
9044
90441
9045
9046
9047
90480
90485
90488
9049
905
9050
90507
9051
9052
90520
90523
90525
90529
9053
9054
9055
90550
9056
9057
90576
90580
90592
90594
9060
9061
90624
90627
9063
90634
90637
9064
90649
9066
90668
90673
90678
9068
9070
90701
9071
9073
9076
90780
9079
90799
908
90809
90816
90826
90843
90850
90864
90871
9091
9092
90925
9093
90933
9094
90952
90957
9097
9098
90987
9099
90990
90993
91
9100
9101
91010
91039
9104
91050
91056
91057
9107
91074
9110
9111
91115
9112
91120
9113
91133
91137
9114
91147
91179
9118
9122
9123
9124
9126
9128
91283
91289
9129
9130
91300
91304
9131
9133
9135
91353
9136
91369
9138
9139
91392
9140
91404
91408
9141
91431
91433
9144
91445
9145
91452
9146
9147
9148
9149
9150
91522
91526
91531
9154
91544
9156
91574
9158
91582
9159
916
91603
91612
9162
91624
91653
9166
91661
91662
91663
91664
9167
9168
91683
91689
9169
91694
9170
9172
9173
91746
91748
9175
91752
91754
91768
91775
91782
9179
9180
91807
9181
9183
91833
9185
91851
91862
91869
9187
91875
9188
9189
91894
9191
91942
91947
91948
9197
91975
91978
92
9200
9201
92014
92017
9202
9203
9204
9205
9208
9209
92104
92105
9211
9212
92126
92140
9215
92154
9217
92170
9218
92181
9219
922
9221
9223
92235
92255
92259
92270
9228
92283
92285
9229
923
9230
9231
9232
92335
92344
9235
9236
92370
92379
9240
92421
9244
92454
9246
92482
9249
9252
92521
9253
9255
92558
9256
92579
92591
9260
92609
9261
9262
9263
9265
9266
9267
92689
92691
9270
92703
9271
92714
92715
92737
9274
92745
92747
92749
9275
9276
9277
9278
92797
928
92806
9282
92822
9283
9284
92840
92856
929
92906
92912
92922
9295
92999
93034
93035
9306
93099
931
93100
9311
9312
93134
9314
93145
9315
9318
93183
93185
9319
9320
9321
93210
9322
93233
9324
9325
9326
9328
933
9330
9331
9332
93323
9334
93343
93377
9338
934
9341
9342
93426
9343
93436
9344
93474
93487
9349
9351
9352
9353
9354
9355
93550
9356
9358
93594
9360
9361
93611
9362
93621
93624
9364
93643
93649
9365
93663
93664
9367
9368
9369
9370
9371
9372
9373
9375
9377
9378
9379
9380
9381
9382
9388
9391
9392
93953
9397
93973
93974
93986
9400
9401
94015
94030
94031
94039
9404
94056
94059
9406
94081
94097
9410
94103
94104
9411
9412
94120
94121
9413
94134
9414
9415
9416
9421
9422
9423
94239
94240
94241
9425
94274
9439
9440
9442
9443
94431
9444
9445
9446
9448
9451
9452
9454
9455
9456
9457
9459
9462
9463
9465
9467
9468
9469
947
9470
9472
9475
9478
9479
948
9481
9482
949
9491
9493
9495
9496
9497
9498
9499
95
950
9500
9501
9503
9506
9507
9508
9509
951
9510
9512
9513
9515
9517
9518
952
9520
9522
9524
9525
9526
9527
9528
9529
9530
9531
9533
9534
9538
9540
9541
9542
9543
9546
9547
955
9550
9551
9552
9555
9557
9559
9564
9567
9568
95681
9569
9570
9572
9575
9576
9578
958
9580
9582
9583
9584
9585
9586
9588
9589
9590
9592
9595
960
9600
9601
9603
9604
9605
9609
961
9610
9611
9612
9615
9616
9617
9618
9619
9620
9622
9625
9627
9628
963
9631
9632
9633
9636
9637
9638
9639
9640
9643
9644
9645
9646
9647
9648
9651
9652
9653
9654
9655
9656
9657
9659
966
9663
9665
9666
9667
9668
9669
967
9670
9672
9675
96764
9677
9678
9679
968
9681
9682
9683
9685
9686
9687
9688
9689
9690
9692
9693
9694
9695
9696
9698
9699
97
9701
9702
9703
9704
9705
9706
9707
9709
9710
9711
9712
9715
9716
9717
9719
972
9720
9722
9723
9724
9725
9726
9727
9728
9730
9731
9732
9733
9734
9735
9736
9737
9738
9739
9741
9742
9743
9744
9745
9746
9747
9748
9749
975
9750
9751
9753
9754
9755
9757
9758
9759
976
9760
9761
9762
9764
9765
9767
977
9770
9771
9772
9774
9775
9776
9777
9778
9779
9780
9781
9782
9784
9785
9786
9787
9788
9789
9790
9791
9792
9793
9794
9796
9797
9798
98
9801
9802
9804
9805
9806
9807
9810
9811
9812
9813
9814
9815
9816
9817
9818
9819
9820
9821
9823
9824
9825
9826
9827
9828
9829
9830
9832
9837
9839
984
9840
9841
9842
9844
9846
9847
985
9851
9852
9853
9854
9855
9857
9858
9859
9860
9861
9862
9863
9866
9867
9868
9869
987
9870
9871
9873
9874
9877
9878
9879
988
9881
9882
9883
9884
9885
9887
9889
989
9890
9891
9894
9895
9896
9897
9898
9899
9900
9901
9902
9903
9904
9905
9906
9907
9908
9909
9910
9911
9912
9913
9914
9915
9917
9918
9919
9921
9922
9923
9924
9925
9926
9927
9928
9929
9931
9933
9934
9937
9938
9939
994
9943
9945
9947
9948
9949
9950
9951
9955
9958
996
9960
9961
9962
9963
9967
9968
9969
997
9971
9972
9973
9975
9978
998
9980
9984
9985
9987
9988
9989
999
9990
9991
9993
9994
bait_gene_id
prey_gene_id
